				PC	EBP	ESP	stack
initial values			0	1	0
0	INC	0	6	1	1	6	0 0 0 0 0 0 
1	JMP	0	31	31	1	6	0 0 0 0 0 0 
31	SIO	0	2	32	1	7	0 0 0 0 0 0 5 
32	STO	0	4	33	1	6	0 0 0 0 5 0 
33	CAL	0	2	2	7	6	0 0 0 0 5 0 
2	INC	0	5	3	7	11	0 0 0 0 5 0 | 0 1 1 34 0 
3	JMP	0	4	4	7	11	0 0 0 0 5 0 | 0 1 1 34 0 
4	LOD	1	4	5	7	12	0 0 0 0 5 0 | 0 1 1 34 0 5 
5	STO	0	4	6	7	11	0 0 0 0 5 0 | 0 1 1 34 5 
6	LOD	1	4	7	7	12	0 0 0 0 5 0 | 0 1 1 34 5 5 
7	LIT	0	1	8	7	13	0 0 0 0 5 0 | 0 1 1 34 5 5 1 
8	OPR	0	3	9	7	12	0 0 0 0 5 0 | 0 1 1 34 5 4 
9	STO	1	4	10	7	11	0 0 0 0 4 0 | 0 1 1 34 5 
10	LOD	1	4	11	7	12	0 0 0 0 4 0 | 0 1 1 34 5 4 
11	LIT	0	0	12	7	13	0 0 0 0 4 0 | 0 1 1 34 5 4 0 
12	OPR	0	10	13	7	12	0 0 0 0 4 0 | 0 1 1 34 5 0 
13	JPC	0	18	18	7	11	0 0 0 0 4 0 | 0 1 1 34 5 
18	LOD	1	4	19	7	12	0 0 0 0 4 0 | 0 1 1 34 5 4 
19	LIT	0	0	20	7	13	0 0 0 0 4 0 | 0 1 1 34 5 4 0 
20	OPR	0	8	21	7	12	0 0 0 0 4 0 | 0 1 1 34 5 0 
21	JPC	0	25	25	7	11	0 0 0 0 4 0 | 0 1 1 34 5 
25	CAL	1	2	2	12	11	0 0 0 0 4 0 | 0 1 1 34 5 
2	INC	0	5	3	12	16	0 0 0 0 4 0 | 0 1 1 34 5 | 0 1 7 26 0 
3	JMP	0	4	4	12	16	0 0 0 0 4 0 | 0 1 1 34 5 | 0 1 7 26 0 
4	LOD	1	4	5	12	17	0 0 0 0 4 0 | 0 1 1 34 5 | 0 1 7 26 0 4 
5	STO	0	4	6	12	16	0 0 0 0 4 0 | 0 1 1 34 5 | 0 1 7 26 4 
6	LOD	1	4	7	12	17	0 0 0 0 4 0 | 0 1 1 34 5 | 0 1 7 26 4 4 
7	LIT	0	1	8	12	18	0 0 0 0 4 0 | 0 1 1 34 5 | 0 1 7 26 4 4 1 
8	OPR	0	3	9	12	17	0 0 0 0 4 0 | 0 1 1 34 5 | 0 1 7 26 4 3 
9	STO	1	4	10	12	16	0 0 0 0 3 0 | 0 1 1 34 5 | 0 1 7 26 4 
10	LOD	1	4	11	12	17	0 0 0 0 3 0 | 0 1 1 34 5 | 0 1 7 26 4 3 
11	LIT	0	0	12	12	18	0 0 0 0 3 0 | 0 1 1 34 5 | 0 1 7 26 4 3 0 
12	OPR	0	10	13	12	17	0 0 0 0 3 0 | 0 1 1 34 5 | 0 1 7 26 4 0 
13	JPC	0	18	18	12	16	0 0 0 0 3 0 | 0 1 1 34 5 | 0 1 7 26 4 
18	LOD	1	4	19	12	17	0 0 0 0 3 0 | 0 1 1 34 5 | 0 1 7 26 4 3 
19	LIT	0	0	20	12	18	0 0 0 0 3 0 | 0 1 1 34 5 | 0 1 7 26 4 3 0 
20	OPR	0	8	21	12	17	0 0 0 0 3 0 | 0 1 1 34 5 | 0 1 7 26 4 0 
21	JPC	0	25	25	12	16	0 0 0 0 3 0 | 0 1 1 34 5 | 0 1 7 26 4 
25	CAL	1	2	2	17	16	0 0 0 0 3 0 | 0 1 1 34 5 | 0 1 7 26 4 
2	INC	0	5	3	17	21	0 0 0 0 3 0 | 0 1 1 34 5 | 0 1 7 26 4 | 0 1 12 26 0 
3	JMP	0	4	4	17	21	0 0 0 0 3 0 | 0 1 1 34 5 | 0 1 7 26 4 | 0 1 12 26 0 
4	LOD	1	4	5	17	22	0 0 0 0 3 0 | 0 1 1 34 5 | 0 1 7 26 4 | 0 1 12 26 0 3 
5	STO	0	4	6	17	21	0 0 0 0 3 0 | 0 1 1 34 5 | 0 1 7 26 4 | 0 1 12 26 3 
6	LOD	1	4	7	17	22	0 0 0 0 3 0 | 0 1 1 34 5 | 0 1 7 26 4 | 0 1 12 26 3 3 
7	LIT	0	1	8	17	23	0 0 0 0 3 0 | 0 1 1 34 5 | 0 1 7 26 4 | 0 1 12 26 3 3 1 
8	OPR	0	3	9	17	22	0 0 0 0 3 0 | 0 1 1 34 5 | 0 1 7 26 4 | 0 1 12 26 3 2 
9	STO	1	4	10	17	21	0 0 0 0 2 0 | 0 1 1 34 5 | 0 1 7 26 4 | 0 1 12 26 3 
10	LOD	1	4	11	17	22	0 0 0 0 2 0 | 0 1 1 34 5 | 0 1 7 26 4 | 0 1 12 26 3 2 
11	LIT	0	0	12	17	23	0 0 0 0 2 0 | 0 1 1 34 5 | 0 1 7 26 4 | 0 1 12 26 3 2 0 
12	OPR	0	10	13	17	22	0 0 0 0 2 0 | 0 1 1 34 5 | 0 1 7 26 4 | 0 1 12 26 3 0 
13	JPC	0	18	18	17	21	0 0 0 0 2 0 | 0 1 1 34 5 | 0 1 7 26 4 | 0 1 12 26 3 
18	LOD	1	4	19	17	22	0 0 0 0 2 0 | 0 1 1 34 5 | 0 1 7 26 4 | 0 1 12 26 3 2 
19	LIT	0	0	20	17	23	0 0 0 0 2 0 | 0 1 1 34 5 | 0 1 7 26 4 | 0 1 12 26 3 2 0 
20	OPR	0	8	21	17	22	0 0 0 0 2 0 | 0 1 1 34 5 | 0 1 7 26 4 | 0 1 12 26 3 0 
21	JPC	0	25	25	17	21	0 0 0 0 2 0 | 0 1 1 34 5 | 0 1 7 26 4 | 0 1 12 26 3 
25	CAL	1	2	2	22	21	0 0 0 0 2 0 | 0 1 1 34 5 | 0 1 7 26 4 | 0 1 12 26 3 
2	INC	0	5	3	22	26	0 0 0 0 2 0 | 0 1 1 34 5 | 0 1 7 26 4 | 0 1 12 26 3 | 0 1 17 26 0 
3	JMP	0	4	4	22	26	0 0 0 0 2 0 | 0 1 1 34 5 | 0 1 7 26 4 | 0 1 12 26 3 | 0 1 17 26 0 
4	LOD	1	4	5	22	27	0 0 0 0 2 0 | 0 1 1 34 5 | 0 1 7 26 4 | 0 1 12 26 3 | 0 1 17 26 0 2 
5	STO	0	4	6	22	26	0 0 0 0 2 0 | 0 1 1 34 5 | 0 1 7 26 4 | 0 1 12 26 3 | 0 1 17 26 2 
6	LOD	1	4	7	22	27	0 0 0 0 2 0 | 0 1 1 34 5 | 0 1 7 26 4 | 0 1 12 26 3 | 0 1 17 26 2 2 
7	LIT	0	1	8	22	28	0 0 0 0 2 0 | 0 1 1 34 5 | 0 1 7 26 4 | 0 1 12 26 3 | 0 1 17 26 2 2 1 
8	OPR	0	3	9	22	27	0 0 0 0 2 0 | 0 1 1 34 5 | 0 1 7 26 4 | 0 1 12 26 3 | 0 1 17 26 2 1 
9	STO	1	4	10	22	26	0 0 0 0 1 0 | 0 1 1 34 5 | 0 1 7 26 4 | 0 1 12 26 3 | 0 1 17 26 2 
10	LOD	1	4	11	22	27	0 0 0 0 1 0 | 0 1 1 34 5 | 0 1 7 26 4 | 0 1 12 26 3 | 0 1 17 26 2 1 
11	LIT	0	0	12	22	28	0 0 0 0 1 0 | 0 1 1 34 5 | 0 1 7 26 4 | 0 1 12 26 3 | 0 1 17 26 2 1 0 
12	OPR	0	10	13	22	27	0 0 0 0 1 0 | 0 1 1 34 5 | 0 1 7 26 4 | 0 1 12 26 3 | 0 1 17 26 2 0 
13	JPC	0	18	18	22	26	0 0 0 0 1 0 | 0 1 1 34 5 | 0 1 7 26 4 | 0 1 12 26 3 | 0 1 17 26 2 
18	LOD	1	4	19	22	27	0 0 0 0 1 0 | 0 1 1 34 5 | 0 1 7 26 4 | 0 1 12 26 3 | 0 1 17 26 2 1 
19	LIT	0	0	20	22	28	0 0 0 0 1 0 | 0 1 1 34 5 | 0 1 7 26 4 | 0 1 12 26 3 | 0 1 17 26 2 1 0 
20	OPR	0	8	21	22	27	0 0 0 0 1 0 | 0 1 1 34 5 | 0 1 7 26 4 | 0 1 12 26 3 | 0 1 17 26 2 0 
21	JPC	0	25	25	22	26	0 0 0 0 1 0 | 0 1 1 34 5 | 0 1 7 26 4 | 0 1 12 26 3 | 0 1 17 26 2 
25	CAL	1	2	2	27	26	0 0 0 0 1 0 | 0 1 1 34 5 | 0 1 7 26 4 | 0 1 12 26 3 | 0 1 17 26 2 
2	INC	0	5	3	27	31	0 0 0 0 1 0 | 0 1 1 34 5 | 0 1 7 26 4 | 0 1 12 26 3 | 0 1 17 26 2 | 0 1 22 26 0 
3	JMP	0	4	4	27	31	0 0 0 0 1 0 | 0 1 1 34 5 | 0 1 7 26 4 | 0 1 12 26 3 | 0 1 17 26 2 | 0 1 22 26 0 
4	LOD	1	4	5	27	32	0 0 0 0 1 0 | 0 1 1 34 5 | 0 1 7 26 4 | 0 1 12 26 3 | 0 1 17 26 2 | 0 1 22 26 0 1 
5	STO	0	4	6	27	31	0 0 0 0 1 0 | 0 1 1 34 5 | 0 1 7 26 4 | 0 1 12 26 3 | 0 1 17 26 2 | 0 1 22 26 1 
6	LOD	1	4	7	27	32	0 0 0 0 1 0 | 0 1 1 34 5 | 0 1 7 26 4 | 0 1 12 26 3 | 0 1 17 26 2 | 0 1 22 26 1 1 
7	LIT	0	1	8	27	33	0 0 0 0 1 0 | 0 1 1 34 5 | 0 1 7 26 4 | 0 1 12 26 3 | 0 1 17 26 2 | 0 1 22 26 1 1 1 
8	OPR	0	3	9	27	32	0 0 0 0 1 0 | 0 1 1 34 5 | 0 1 7 26 4 | 0 1 12 26 3 | 0 1 17 26 2 | 0 1 22 26 1 0 
9	STO	1	4	10	27	31	0 0 0 0 0 0 | 0 1 1 34 5 | 0 1 7 26 4 | 0 1 12 26 3 | 0 1 17 26 2 | 0 1 22 26 1 
10	LOD	1	4	11	27	32	0 0 0 0 0 0 | 0 1 1 34 5 | 0 1 7 26 4 | 0 1 12 26 3 | 0 1 17 26 2 | 0 1 22 26 1 0 
11	LIT	0	0	12	27	33	0 0 0 0 0 0 | 0 1 1 34 5 | 0 1 7 26 4 | 0 1 12 26 3 | 0 1 17 26 2 | 0 1 22 26 1 0 0 
12	OPR	0	10	13	27	32	0 0 0 0 0 0 | 0 1 1 34 5 | 0 1 7 26 4 | 0 1 12 26 3 | 0 1 17 26 2 | 0 1 22 26 1 0 
13	JPC	0	18	18	27	31	0 0 0 0 0 0 | 0 1 1 34 5 | 0 1 7 26 4 | 0 1 12 26 3 | 0 1 17 26 2 | 0 1 22 26 1 
18	LOD	1	4	19	27	32	0 0 0 0 0 0 | 0 1 1 34 5 | 0 1 7 26 4 | 0 1 12 26 3 | 0 1 17 26 2 | 0 1 22 26 1 0 
19	LIT	0	0	20	27	33	0 0 0 0 0 0 | 0 1 1 34 5 | 0 1 7 26 4 | 0 1 12 26 3 | 0 1 17 26 2 | 0 1 22 26 1 0 0 
20	OPR	0	8	21	27	32	0 0 0 0 0 0 | 0 1 1 34 5 | 0 1 7 26 4 | 0 1 12 26 3 | 0 1 17 26 2 | 0 1 22 26 1 1 
21	JPC	0	25	22	27	31	0 0 0 0 0 0 | 0 1 1 34 5 | 0 1 7 26 4 | 0 1 12 26 3 | 0 1 17 26 2 | 0 1 22 26 1 
22	LIT	0	1	23	27	32	0 0 0 0 0 0 | 0 1 1 34 5 | 0 1 7 26 4 | 0 1 12 26 3 | 0 1 17 26 2 | 0 1 22 26 1 1 
23	STO	1	5	24	27	31	0 0 0 0 0 1 | 0 1 1 34 5 | 0 1 7 26 4 | 0 1 12 26 3 | 0 1 17 26 2 | 0 1 22 26 1 
24	JMP	0	26	26	27	31	0 0 0 0 0 1 | 0 1 1 34 5 | 0 1 7 26 4 | 0 1 12 26 3 | 0 1 17 26 2 | 0 1 22 26 1 
26	LOD	1	5	27	27	32	0 0 0 0 0 1 | 0 1 1 34 5 | 0 1 7 26 4 | 0 1 12 26 3 | 0 1 17 26 2 | 0 1 22 26 1 1 
27	LOD	0	4	28	27	33	0 0 0 0 0 1 | 0 1 1 34 5 | 0 1 7 26 4 | 0 1 12 26 3 | 0 1 17 26 2 | 0 1 22 26 1 1 1 
28	OPR	0	4	29	27	32	0 0 0 0 0 1 | 0 1 1 34 5 | 0 1 7 26 4 | 0 1 12 26 3 | 0 1 17 26 2 | 0 1 22 26 1 1 
29	STO	1	5	30	27	31	0 0 0 0 0 1 | 0 1 1 34 5 | 0 1 7 26 4 | 0 1 12 26 3 | 0 1 17 26 2 | 0 1 22 26 1 
30	OPR	0	0	26	22	26	0 0 0 0 0 1 | 0 1 1 34 5 | 0 1 7 26 4 | 0 1 12 26 3 | 0 1 17 26 2 
26	LOD	1	5	27	22	27	0 0 0 0 0 1 | 0 1 1 34 5 | 0 1 7 26 4 | 0 1 12 26 3 | 0 1 17 26 2 1 
27	LOD	0	4	28	22	28	0 0 0 0 0 1 | 0 1 1 34 5 | 0 1 7 26 4 | 0 1 12 26 3 | 0 1 17 26 2 1 2 
28	OPR	0	4	29	22	27	0 0 0 0 0 1 | 0 1 1 34 5 | 0 1 7 26 4 | 0 1 12 26 3 | 0 1 17 26 2 2 
29	STO	1	5	30	22	26	0 0 0 0 0 2 | 0 1 1 34 5 | 0 1 7 26 4 | 0 1 12 26 3 | 0 1 17 26 2 
30	OPR	0	0	26	17	21	0 0 0 0 0 2 | 0 1 1 34 5 | 0 1 7 26 4 | 0 1 12 26 3 
26	LOD	1	5	27	17	22	0 0 0 0 0 2 | 0 1 1 34 5 | 0 1 7 26 4 | 0 1 12 26 3 2 
27	LOD	0	4	28	17	23	0 0 0 0 0 2 | 0 1 1 34 5 | 0 1 7 26 4 | 0 1 12 26 3 2 3 
28	OPR	0	4	29	17	22	0 0 0 0 0 2 | 0 1 1 34 5 | 0 1 7 26 4 | 0 1 12 26 3 6 
29	STO	1	5	30	17	21	0 0 0 0 0 6 | 0 1 1 34 5 | 0 1 7 26 4 | 0 1 12 26 3 
30	OPR	0	0	26	12	16	0 0 0 0 0 6 | 0 1 1 34 5 | 0 1 7 26 4 
26	LOD	1	5	27	12	17	0 0 0 0 0 6 | 0 1 1 34 5 | 0 1 7 26 4 6 
27	LOD	0	4	28	12	18	0 0 0 0 0 6 | 0 1 1 34 5 | 0 1 7 26 4 6 4 
28	OPR	0	4	29	12	17	0 0 0 0 0 6 | 0 1 1 34 5 | 0 1 7 26 4 24 
29	STO	1	5	30	12	16	0 0 0 0 0 24 | 0 1 1 34 5 | 0 1 7 26 4 
30	OPR	0	0	26	7	11	0 0 0 0 0 24 | 0 1 1 34 5 
26	LOD	1	5	27	7	12	0 0 0 0 0 24 | 0 1 1 34 5 24 
27	LOD	0	4	28	7	13	0 0 0 0 0 24 | 0 1 1 34 5 24 5 
28	OPR	0	4	29	7	12	0 0 0 0 0 24 | 0 1 1 34 5 120 
29	STO	1	5	30	7	11	0 0 0 0 0 120 | 0 1 1 34 5 
30	OPR	0	0	34	1	6	0 0 0 0 0 120 
34	LOD	0	5	35	1	7	0 0 0 0 0 120 120 
35	SIO	0	1	36	1	6	0 0 0 0 0 120 
36	OPR	0	0	0	0	0	
